5.000000e-02 2.700000e+01
1.500000e-01 2.600000e+01
2.500000e-01 2.400000e+01
3.500000e-01 2.600000e+01
4.500000e-01 1.800000e+01
5.500000e-01 2.400000e+01
6.500000e-01 5.400000e+01
7.500000e-01 4.900000e+01
8.500000e-01 5.200000e+01
9.500000e-01 7.000000e+01
1.050000e+00 6.000000e+01
1.150000e+00 7.400000e+01
1.250000e+00 9.900000e+01
1.350000e+00 1.190000e+02
1.450000e+00 1.400000e+02
1.550000e+00 1.260000e+02
1.650000e+00 1.460000e+02
1.750000e+00 1.770000e+02
1.850000e+00 2.160000e+02
1.950000e+00 2.970000e+02
2.050000e+00 2.330000e+02
2.150000e+00 2.300000e+02
2.250000e+00 1.950000e+02
2.350000e+00 1.520000e+02
2.450000e+00 1.230000e+02
2.550000e+00 1.390000e+02
2.650000e+00 1.680000e+02
2.750000e+00 1.280000e+02
2.850000e+00 1.450000e+02
2.950000e+00 1.280000e+02
3.050000e+00 1.360000e+02
3.150000e+00 1.280000e+02
3.250000e+00 1.470000e+02
3.350000e+00 1.090000e+02
3.450000e+00 1.130000e+02
3.550000e+00 7.400000e+01
3.650000e+00 6.900000e+01
3.750000e+00 6.300000e+01
3.850000e+00 5.800000e+01
3.950000e+00 5.300000e+01
4.050000e+00 4.500000e+01
4.150000e+00 5.200000e+01
4.250000e+00 4.900000e+01
4.350000e+00 1.800000e+01
4.450000e+00 0.000000e+00
4.550000e+00 0.000000e+00
4.650000e+00 0.000000e+00
4.750000e+00 0.000000e+00
4.850000e+00 0.000000e+00
4.950000e+00 0.000000e+00
5.050000e+00 0.000000e+00
5.150000e+00 0.000000e+00
5.250000e+00 0.000000e+00
5.350000e+00 0.000000e+00
5.450000e+00 0.000000e+00
5.550000e+00 0.000000e+00
5.650000e+00 0.000000e+00
5.750000e+00 0.000000e+00
5.850000e+00 0.000000e+00
