5.000000e-02 2.200000e+01
1.500000e-01 1.000000e+01
2.500000e-01 1.300000e+01
3.500000e-01 2.000000e+00
4.500000e-01 2.000000e+00
5.500000e-01 6.000000e+00
6.500000e-01 2.800000e+01
7.500000e-01 3.000000e+01
8.500000e-01 2.800000e+01
9.500000e-01 5.400000e+01
1.050000e+00 5.000000e+01
1.150000e+00 5.900000e+01
1.250000e+00 1.250000e+02
1.350000e+00 2.540000e+02
1.450000e+00 2.280000e+02
1.550000e+00 1.880000e+02
1.650000e+00 2.990000e+02
1.750000e+00 4.030000e+02
1.850000e+00 3.700000e+02
1.950000e+00 4.610000e+02
2.050000e+00 4.130000e+02
2.150000e+00 3.910000e+02
2.250000e+00 3.380000e+02
2.350000e+00 2.940000e+02
2.450000e+00 2.350000e+02
2.550000e+00 2.540000e+02
2.650000e+00 2.700000e+02
2.750000e+00 2.180000e+02
2.850000e+00 2.420000e+02
2.950000e+00 1.620000e+02
3.050000e+00 1.380000e+02
3.150000e+00 1.000000e+02
3.250000e+00 7.700000e+01
3.350000e+00 4.500000e+01
3.450000e+00 1.800000e+01
3.550000e+00 1.500000e+01
3.650000e+00 8.000000e+00
3.750000e+00 1.400000e+01
3.850000e+00 6.000000e+00
3.950000e+00 7.000000e+00
4.050000e+00 6.000000e+00
4.150000e+00 4.000000e+00
4.250000e+00 4.000000e+00
4.350000e+00 4.000000e+00
4.450000e+00 4.000000e+00
4.550000e+00 1.000000e+00
4.650000e+00 7.000000e+00
4.750000e+00 2.000000e+00
4.850000e+00 2.000000e+00
4.950000e+00 1.000000e+00
5.050000e+00 0.000000e+00
5.150000e+00 2.000000e+00
5.250000e+00 2.000000e+00
5.350000e+00 1.000000e+00
5.450000e+00 5.000000e+00
5.550000e+00 2.000000e+00
5.650000e+00 5.000000e+00
5.750000e+00 2.000000e+00
5.850000e+00 2.000000e+00
